2601.11868
2603.22862
2603.24709
2603.29231
2604.03515
2604.11548
2604.21003
2605.01920
2605.05400
2605.08435
2605.09998
2605.10052
2605.14483
2605.23296
2605.24220
2605.27276
2605.30738
2605.30785
2606.05548
2606.05922
2606.06324
2606.06448
2606.07412
2606.07462
2606.07889
2606.08878
2606.08960
2606.09498
2606.09682
2606.10106
2606.10209
2606.11686
2606.11869
2606.12344
2606.12882
2606.13598
2606.13608
2606.13643
2606.13733
2606.14066
2606.14249
2606.14674
2606.14832
2606.15363
2606.15874
2606.15903
2606.16591
2606.17016
2606.17454
2606.17546
2606.17799
2606.19380
2606.19409
2606.19613
2606.20683
2606.21005
2606.21228
2606.21856
2606.22528
2606.22678
2606.22953
2606.23449
2606.24311
2606.24535
2606.24598
2606.24775
2606.24937
2606.25189
2606.25447
2606.25514
2606.26859
2606.27188
2606.27243
2606.27492
2606.28434
2606.28436
2606.29914
2606.30005
2606.31174
2606.31564
